c1_2_1

VEHICLE
NUMBER     CAPACITY
  50          200

CUSTOMER
CUST NO.  XCOORD.    YCOORD.    DEMAND   READY TIME  DUE DATE   SERVICE TIME
 
    0      70         70          0          0       1351          0
    1      33         78         20        750        809         90
    2      59         52         20        553        602         90
    3      10        137         30        147        219         90
    4       4         28         10        616        661         90
    5      25         26         20        128        179         90
    6      86         37         10        478        531         90
    7       1        109         10        616        680         90
    8       6        135         40        351        386         90
    9      32         79         20        655        721         90
   10      24         26         20        219        271         90
   11      86         36         20        384        443         90
   12      95         35         10        196        252         90
   13      63         50         10        364        416         90
   14     100        106         10        567        626         90
   15      99        112         20        846        911         90
   16      36        135         10        598        669         90
   17      57         59         10        824        890         90
   18       8        124         10        231        298         90
   19      85        106         20        186        253         90
   20     103         69         30         33         93         90
   21     109        131         20         72        141         90
   22      43        140         10        410        470         90
   23     115        134         30        140        199         90
   24      98         70         10        467        511         90
   25     112         67         10        462        534         90
   26     102        104         20        201        258         90
   27      93         75         30        178        238         90
   28      90        104         20        845        910         90
   29     127        108         10        677        743         90
   30      84         99         20         32        102         90
   31     113         69         20        370        440         90
   32     129          9         10         84        147         90
   33      18         38         30        582        638         90
   34      30         27         10        772        835         90
   35      25         80         20        380        440         90
   36      17         37         30        493        544         90
   37      32        106         10        602        657         90
   38      43        135         10        215        293         90
   39      61         59         20        931        971         90
   40     104        106         20        390        434         90
   41     109         71         20         95        163         90
   42     121        110         30        870        923         90
   43      61         48         20        448        517         90
   44      74         99         20        176        243         90
   45      89         73         10         19         94         90
   46      21         25         20        405        453         90
   47      99         28         30        392        442         90
   48     101         96         10        101        160         90
   49       9        114         20        904        954         90
   50     121        112         20        221        277         90
   51     137          6         10        611        678         90
   52     118        131         20        782        857         90
   53      34         82         10        928       1000         90
   54       4        125         30        319        398         90
   55      26        105         40        115        179         90
   56      35        123         20       1130       1198         90
   57      21         48         10         53        123         90
   58      21        115         10        306        376         90
   59      99        108         20        952        992         90
   60       1         34         20         77        132         90
   61      94         70         20        556        610         90
   62      74         93         20         23         66         90
   63      32        128         20       1079       1123         90
   64      94         73         10        741        791         90
   65     135          3         20        250        300         90
   66      97         28         20        110        170         90
   67      59         56         20        745        780         90
   68      80         97         10        457        518         90
   69     134         31         20        508        566         90
   70     103         34         30        577        636         90
   71      30         79         20        561        632         90
   72       4         30         40        693        768         90
   73      87         39         20         35         92         90
   74      90        101         10        933       1008         90
   75     119        136         30        334        384         90
   76      78         92         30        555        610         90
   77     110         66         10        650        710         90
   78      62         58         20        173        229         90
   79     127        112         20        595        636         90
   80     113         71         10        286        341         90
   81      34        104         10        683        760         90
   82       2         28         10        148        199         90
   83      17         43         10        205        279         90
   84       1         24         10        333        385         90
   85     112         71         20        193        252         90
   86     135          0         10        331        405         90
   87     125        108         20        778        825         90
   88       8        138         30        234        316         90
   89     103        111         20        668        719         90
   90      57         53         10        641        697         90
   91      98         31         20        480        541         90
   92     116        132         10        870        953         90
   93      28         99         10         51         93         90
   94     137          3         20        522        581         90
   95      29         28         10        865        925         90
   96      94        105         10        656        728         90
   97      92        107         30        465        532         90
   98      10        134         10        629        677         90
   99      34         79         10        841        902         90
  100      94         72         20        647        703         90
  